20 26 4

0.23255813953488 0.034883720930233 0.058139534883721 0.034883720930233 0.069767441860465 0 0.011627906976744 0 0.046511627906977 0 0 0.15116279069767 0.011627906976744 0.069767441860465 0.046511627906977 0.011627906976744 0 0.058139534883721 0.081395348837209 0.046511627906977 0.011627906976744 0.011627906976744 0 0 0.011627906976744 0 

-1 -1 -1 1

0.083333333333333 0.019607843137255 0.040849673202614 0.035947712418301 0.1062091503268 0.014705882352941 0.026143790849673 0.047385620915033 0.066993464052288 0.0016339869281046 0.01797385620915 0.032679738562092 0.019607843137255 0.055555555555556 0.084967320261438 0.021241830065359 0 0.066993464052288 0.063725490196078 0.10457516339869 0.034313725490196 0.0049019607843137 0.016339869281046 0.0016339869281046 0.032679738562092 0 

-1 -1 1 -1

0.039473684210526 0.026315789473684 0.026315789473684 0.046052631578947 0.11184210526316 0.0065789473684211 0.032894736842105 0.046052631578947 0.10526315789474 0.0065789473684211 0.032894736842105 0.019736842105263 0.059210526315789 0.10526315789474 0.032894736842105 0.013157894736842 0 0.046052631578947 0.072368421052632 0.092105263157895 0.039473684210526 0 0.013157894736842 0.0065789473684211 0.0065789473684211 0.013157894736842 

-1 1 -1 -1

0.12332439678284 0.0026809651474531 0.029490616621984 0.03485254691689 0.10455764075067 0.013404825737265 0.03485254691689 0.0080428954423592 0.11260053619303 0 0 0.064343163538874 0.010723860589812 0.072386058981233 0.093833780160858 0.032171581769437 0.0026809651474531 0.06970509383378 0.058981233243968 0.075067024128686 0.026809651474531 0.016085790884718 0 0 0 0.013404825737265 

1 -1 -1 -1

0.11057692307692 0.0048076923076923 0.028846153846154 0.048076923076923 0.12019230769231 0.019230769230769 0.0096153846153846 0.0096153846153846 0.086538461538462 0.0048076923076923 0 0.048076923076923 0.028846153846154 0.067307692307692 0.086538461538462 0.028846153846154 0.024038461538462 0.052884615384615 0.11538461538462 0.028846153846154 0.043269230769231 0.024038461538462 0 0 0.0048076923076923 0.0048076923076923 

-1 -1 -1 1

0.1036036036036 0.013513513513514 0.022522522522523 0.036036036036036 0.10810810810811 0.018018018018018 0.013513513513514 0.054054054054054 0.10810810810811 0 0.009009009009009 0.04954954954955 0.027027027027027 0.063063063063063 0.063063063063063 0.009009009009009 0 0.058558558558559 0.081081081081081 0.10810810810811 0.022522522522523 0.0045045045045045 0.013513513513514 0 0.013513513513514 0 

-1 -1 1 -1

0.068181818181818 0.022727272727273 0.045454545454545 0.022727272727273 0.15909090909091 0.011363636363636 0.022727272727273 0.056818181818182 0.085227272727273 0.0056818181818182 0.022727272727273 0.051136363636364 0.028409090909091 0.085227272727273 0.045454545454545 0.017045454545455 0 0.068181818181818 0.056818181818182 0.068181818181818 0.034090909090909 0.0056818181818182 0.0056818181818182 0 0.0056818181818182 0.0056818181818182 

-1 1 -1 -1

0.10714285714286 0 0.10714285714286 0 0.14285714285714 0 0 0.10714285714286 0.071428571428571 0 0 0.071428571428571 0 0 0.071428571428571 0.035714285714286 0 0.035714285714286 0.071428571428571 0.071428571428571 0.071428571428571 0.035714285714286 0 0 0 0 

1 -1 -1 -1

0.092105263157895 0.023026315789474 0.042763157894737 0.055921052631579 0.15460526315789 0.0098684210526316 0.0032894736842105 0.016447368421053 0.052631578947368 0.0065789473684211 0 0.065789473684211 0.0098684210526316 0.052631578947368 0.11513157894737 0.029605263157895 0.0032894736842105 0.059210526315789 0.10855263157895 0.042763157894737 0.026315789473684 0.0032894736842105 0 0 0.013157894736842 0.013157894736842 

-1 -1 -1 1

0.074766355140187 0 0.02803738317757 0.037383177570093 0.11214953271028 0.037383177570093 0.02803738317757 0.046728971962617 0.046728971962617 0 0.0093457943925234 0.065420560747664 0 0.093457943925234 0.11214953271028 0 0 0.046728971962617 0.02803738317757 0.13084112149533 0.046728971962617 0 0.018691588785047 0 0.037383177570093 0 

-1 -1 1 -1

0.082802547770701 0.025477707006369 0.050955414012739 0.050955414012739 0.17834394904459 0.019108280254777 0.031847133757962 0.070063694267516 0.057324840764331 0 0.025477707006369 0.031847133757962 0.031847133757962 0.082802547770701 0.019108280254777 0.0063694267515924 0 0.089171974522293 0.038216560509554 0.057324840764331 0.031847133757962 0 0.012738853503185 0 0 0.0063694267515924 

-1 1 -1 -1

0.1255230125523 0.0083682008368201 0.03347280334728 0.02092050209205 0.12133891213389 0.0083682008368201 0.050209205020921 0.01255230125523 0.087866108786611 0 0 0.0418410041841 0.03347280334728 0.10041841004184 0.10878661087866 0.01673640167364 0 0.054393305439331 0.062761506276151 0.054393305439331 0.0418410041841 0.01255230125523 0 0 0 0.00418410041841 

1 -1 -1 -1

0.080459770114943 0 0.011494252873563 0.011494252873563 0.20689655172414 0 0.03448275862069 0 0.057471264367816 0 0 0.057471264367816 0 0.045977011494253 0.057471264367816 0.022988505747126 0.080459770114943 0.10344827586207 0.068965517241379 0.022988505747126 0.1264367816092 0.011494252873563 0 0 0 0 

-1 -1 -1 1

0.12206572769953 0.023474178403756 0.014084507042254 0.065727699530516 0.15492957746479 0.0093896713615023 0.018779342723005 0.070422535211268 0.037558685446009 0 0.0046948356807512 0.12676056338028 0.023474178403756 0.042253521126761 0.046948356807512 0.014084507042254 0 0.046948356807512 0.042253521126761 0.061032863849765 0.0093896713615023 0.023474178403756 0.014084507042254 0.0046948356807512 0.023474178403756 0 

-1 -1 1 -1

0.034188034188034 0.034188034188034 0.025641025641026 0.05982905982906 0.1965811965812 0.017094017094017 0.034188034188034 0.042735042735043 0.085470085470085 0 0.034188034188034 0.017094017094017 0.025641025641026 0.11111111111111 0.017094017094017 0.017094017094017 0 0.05982905982906 0.051282051282051 0.076923076923077 0.025641025641026 0.0085470085470085 0.017094017094017 0 0 0.0085470085470085 

-1 1 -1 -1

0.1038062283737 0.017301038062284 0.038062283737024 0.048442906574394 0.1038062283737 0.01038062283737 0.013840830449827 0.013840830449827 0.1522491349481 0 0 0.062283737024221 0.01038062283737 0.10034602076125 0.086505190311419 0.027681660899654 0.0069204152249135 0.044982698961938 0.051903114186851 0.038062283737024 0.031141868512111 0.013840830449827 0 0 0 0.024221453287197 

1 -1 -1 -1

0.08 0.02 0.046666666666667 0.02 0.086666666666667 0 0.0066666666666667 0.0066666666666667 0.14 0.0066666666666667 0 0.06 0.033333333333333 0.08 0.066666666666667 0.013333333333333 0.04 0.046666666666667 0.14666666666667 0.013333333333333 0.073333333333333 0.0066666666666667 0 0 0 0.0066666666666667 

-1 -1 -1 1

0.08936170212766 0.017021276595745 0.017021276595745 0.046808510638298 0.13191489361702 0.042553191489362 0.012765957446809 0.068085106382979 0.05531914893617 0 0.012765957446809 0.034042553191489 0.029787234042553 0.063829787234043 0.080851063829787 0.0042553191489362 0 0.046808510638298 0.076595744680851 0.076595744680851 0.029787234042553 0.0042553191489362 0.034042553191489 0 0.025531914893617 0 

-1 -1 1 -1

0.065217391304348 0.010869565217391 0.043478260869565 0.032608695652174 0.15217391304348 0 0.010869565217391 0.054347826086957 0.076086956521739 0 0.010869565217391 0.043478260869565 0.054347826086957 0.1195652173913 0.032608695652174 0 0 0.021739130434783 0.1304347826087 0.076086956521739 0.021739130434783 0.021739130434783 0.010869565217391 0 0 0.010869565217391 

-1 1 -1 -1

0.1038961038961 0.012987012987013 0.077922077922078 0.064935064935065 0.12987012987013 0 0 0.012987012987013 0.12987012987013 0 0 0.025974025974026 0.012987012987013 0.077922077922078 0.051948051948052 0 0.012987012987013 0.012987012987013 0.090909090909091 0.077922077922078 0.077922077922078 0.025974025974026 0 0 0 0 

1 -1 -1 -1

